0.071316667 27.83333333
0.450678333 52.5
0.818 48
0.419146073 20.85988219
0.31643357 45.82007123
0.442416667 43.5
0.5278 58.93333333
0.646234642 39.79070248
0.392 39
0.3734375 21.9375
0.724403077 46.63846154
0.580649295 32.67595533
0.925 62
0.238524342 9.342524155
0.360659295 23.74606008
0.476439922 53.11550475
0.615824151 40.37649219
0.416002646 51.10978836
0.938 47
0.52075 46.39285714
0.382053582 31.63490211
0.319383333 27.26666667
0.651571429 39.32142857
0.323666667 6.333333333
0.789727273 15.45454545
0.662125 45.8125
0.6110625 42.27083333
0.142194922 30.64944134
0.764681818 44.13510101
0.570666667 48.33333333
0.722 36
0.873 77
0.724296296 28.33333333
0.619076388 39.99435662
0.581705356 45.43323476
0.81 37
0.53452464 41.38034148
0.5801875 77.3125
0.712333333 55.66666667
0.626147727 47.63636364
0.866 49.5
0.61188968 53.22484523
0.464666667 56.33333333
0.665 42
0.251 0
0.73497381 51.49047619
0.685 78.5
0.660417389 38.26057679
0.587453704 51.11111111
0.96625 60.25
0.567 66
0.498263889 49.82291667
0.518155241 42.85791918
0.737019026 51.0524988
0.715872926 47.24684037
0.692815071 47.2256809
0.830801209 47.29666727
0.759271015 37.63709806
0.720244156 54.08095238
0.544285719 58.4841941
0.711732231 42.72960826
0.618157895 45.76315789
0.65407326 49.7014652
0.276297458 43.24113653
0.768166667 43.83333333
0.378612308 44.30612536
0.81225 40.5
0.5795 54
0.723 28
0.21773 44.58333333
0.558833333 36.83333333
0.461504167 54.90972222
0.02395 46.5
0.209583198 23.71227785
0.096570714 24.39556906
0.111088435 30.58515625
0.06905 41
0.231009014 18.69569121
0.928 44
0.266845979 8.804251167
0.51652 26.72
0.175994501 23.99572264
0.450555208 47.51041667
0.372498566 22.87849462
0.14343715 16.46153846
0.7158 45.06666667
0.472 41.2
0.860616239 39.04358974
0.134564141 21.21212121
0.6395 11
0.827142574 55.96032965
0.8619 57.3
0.861387037 59.07222222
0.647054981 50.53980281
0.450470769 53.57230769
0.730910753 51.1296467
0.604471782 53.03484529
0.529571856 44.37824682
0.566 0
